7.394146791213305664e+11 1.011653759407905340e+09
7.394180567983382568e+11 1.010467871260037184e+09
7.394182942153116455e+11 1.011544337429601789e+09
7.394175549877242432e+11 1.009909426925127387e+09
7.394182188223681641e+11 1.010837032753049731e+09
7.394164039466907959e+11 1.009560033375350595e+09
7.394178231804658203e+11 1.012610571240538478e+09
7.394183011970013428e+11 1.011420190146314383e+09
7.394180606563878174e+11 1.010474572969547629e+09
7.394180633891356201e+11 1.010479360116344213e+09
7.394163406965830078e+11 1.009563780709152222e+09
7.394179533681486816e+11 1.010308815528959870e+09
7.394161105995568848e+11 1.009596299932523370e+09
7.394179271432109375e+11 1.010273645048694730e+09
7.394154875019642334e+11 1.009852595883213520e+09
7.394178118845682373e+11 1.010137298378353000e+09
7.394169886026624756e+11 1.009630875007756352e+09
7.394175194170220947e+11 1.009884075194795370e+09
7.394180371399598389e+11 1.010434705044213533e+09
7.394162478947808838e+11 1.009573296199182034e+09
7.394177830116522217e+11 1.010107058699362755e+09
7.394178489720257568e+11 1.010178273783837318e+09
7.394169847655369873e+11 1.009629763941561699e+09
7.394149545504382324e+11 1.010384498407365561e+09
7.394168725635238037e+11 1.009601237211623907e+09
7.394148574832814941e+11 1.010552071158848047e+09
7.394147295784602051e+11 1.010875947311436415e+09
7.394178659189396973e+11 1.012562229762889504e+09
7.394149168208903809e+11 1.010444856632451296e+09
7.394176300875903320e+11 1.009967380707328916e+09
7.394172010361633301e+11 1.009707204392023802e+09
7.394182831957884521e+11 1.011638604422120452e+09
7.394170407474948730e+11 1.009646886426594734e+09
7.394181675254342041e+11 1.012066059161384344e+09
7.394170194284940186e+11 1.009640133613534927e+09
7.394175907308945312e+11 1.009936232081452250e+09
7.394172632547187500e+11 1.009735415645612836e+09
7.394162970547954102e+11 1.009567657345052958e+09
7.394179943784194336e+11 1.010367618542842150e+09
7.394182914690578613e+11 1.011187821214853644e+09
7.394176584204375000e+11 1.012769159952725291e+09
7.394155906824735107e+11 1.009790304192351222e+09
7.394164603836257324e+11 1.009558549439723969e+09
7.394178077839296875e+11 1.010132918224097371e+09
7.394182203981251221e+11 1.011917982297839880e+09
7.394169035905119629e+11 1.009608368739512086e+09
7.394176564924371338e+11 1.009989293610339999e+09
7.394149928795040283e+11 1.010328101455744028e+09
7.394182724959802246e+11 1.011704583333893895e+09
7.394180117680052490e+11 1.010394125432621717e+09
7.394180034952573242e+11 1.012378696976501346e+09
7.394179004945981445e+11 1.010239633921316624e+09
7.394171510204680176e+11 1.013073563700348377e+09
7.394182250269392090e+11 1.010857314731113553e+09
7.394174541882055664e+11 1.009840803064503551e+09
7.394149119852762451e+11 1.010452987488372207e+09
7.394181821350384521e+11 1.012028963410955548e+09
7.394168864217558594e+11 1.009604351978066087e+09
7.394178391685073242e+11 1.010167197650069952e+09
7.394182781031856689e+11 1.011671922457993150e+09
7.394164713127397461e+11 1.009558464292891622e+09
7.394182253752813721e+11 1.011901607789259553e+09
7.394176964415823975e+11 1.010024096328510642e+09
7.394166329538000488e+11 1.013195213839670062e+09
7.394178740615161133e+11 1.012552617080486655e+09
7.394168453850539551e+11 1.009595456839002967e+09
7.394158562383623047e+11 1.009668582389660954e+09
7.394166472556287842e+11 1.009566134540354013e+09
7.394182736089885254e+11 1.011698374818597317e+09
7.394175235273131104e+11 1.009886939355353355e+09
7.394162558327143555e+11 1.009572293988464832e+09
7.394176114257864990e+11 1.009952390933192015e+09
7.394171146948033447e+11 1.009672577678773522e+09
7.394170840971813965e+11 1.009661514708482265e+09
7.394175169992663574e+11 1.009882398265896678e+09
7.394180031227103271e+11 1.010380821709189892e+09
7.394179403876910400e+11 1.010291186374838948e+09
7.394181824154345703e+11 1.010731859315216422e+09
7.394182768608703613e+11 1.011080611641357541e+09
7.394180334639688721e+11 1.010428676557558656e+09
7.394147305137916260e+11 1.010872710654979587e+09
7.394155180632373047e+11 1.009833166435210705e+09
7.394155574603314209e+11 1.009809351084767342e+09
7.394172757180723877e+11 1.009741409170655131e+09
7.394180064814929199e+11 1.010385960257119179e+09
7.394183000371633301e+11 1.011303656793865561e+09
